7
20
14
0100100110010110100001100110110110010110011010010110100110010110
1100010011001100111011101100110100100111001100110011001100110000
1001011010010110011010010110100110010100100101100110100111101001
0111010000000110111100010000111111001111111100000000110111010100
0000110011110010000011011100000010110010000011111111010101001101
1111011101100011110101101111111011110111111111110111111111111101
1111111110000000111111100000110000001000111101111000001011111111
1100001100111100001110001100001100110000110000111101001101111100
1101111111111111111111111111111101110111111111100101111101111101
1110010101101001100101101101001010011000100100001100110101101101
0000111111110000000011111111000011110000000010111011000000001111
0011001100000011001100100011001110111011001110110011100000110011
0110111010010001111011101001100010110000111001001011101101100110
0101101010111101010110101010011111100101010110101010010101011010
1100100011001100001100110011001111001100110011000011001100110001
0000000111111111111111110000000000000000111111111111111100000000
0110100000000110100101100110100001101001100101101001011001001011
1100110101101100001101010011001111000000110011000011001100110011
0101101010101101101001010101101010100101010110100101101010100101
1010101000000111000101111010111010010010010101010101111110101110
